Pernis: 51.88855172301366, 4.387063258599133
Pyrenees: 42.85240397780415, 1.1097146980641763
Drenthe: 53.01647066768687, 6.845149863508233